481 218 001 

7 7 
4 1 
3 1 
6 4 
5 4 
2 7 



12 8 
11 8 
14 1 
13 1 
16 66 
15 66 



52 1 53 1 



25 14 32 14 
24 14 32 14 

28 8 
27 8 
114 3 
115 1 

24 14 25 14 

159 5 160 5 
40 48 


39 14 
38 14 
35 48 
42 5 
41 5 

45 1 
44 1 


49 4 
48 4 


20 1 53 1 
20 1 52 1 

56 5 57 5 
55 5 57 5 
55 5 56 5 



62 31 
61 31 
64 1 
63 1 


69 1 

67 1 
71 14 
70 14 


75 46 
74 46 







84 9 85 9 
83 9 85 9 
83 9 84 9 

88 38 89 38 92 38 93 38 
87 38 89 38 92 38 93 38 
87 38 88 38 92 38 93 38 
91 6 
90 6 
87 38 88 38 89 38 93 38 
87 38 88 38 89 38 92 38 

96 2 
95 2 


100 6 
99 6 


104 1 
103 1 




111 14 

109 14 


29 3 
30 1 
117 8 
116 8 

120 5 
119 5 
122 4 
121 4 
125 18 
126 106 127 106 
123 18 
124 106 127 106 
124 106 126 106 

130 10 
129 10 
132 29 
131 29 

135 6 136 6 138 6 
134 6 136 6 138 6 
134 6 135 6 138 6 
139 1 
134 6 135 6 136 6 
137 1 


143 7 
142 7 
145 3 
144 3 

148 1 
147 1 


152 3 153 3 154 3 
151 3 153 3 154 3 
151 3 152 3 154 14 
151 3 152 3 153 14 
157 13 

155 13 

34 5 160 8 
34 5 159 8 




166 1 
165 1 


170 4 
169 4 


174 1 
173 1 
176 1 
175 1 






184 2 
183 2 

187 5 188 5 
186 5 188 5 
186 5 187 5 




198 11 
196 4 

194 4 

193 11 


202 16 203 16 204 16 205 16 
201 16 203 16 204 16 205 16 
201 16 202 16 204 16 205 16 
201 16 202 16 203 16 205 16 
201 16 202 16 203 16 204 16 




211 11 
210 11 
213 4 298 3 
212 4 298 3 

216 75 291 2 299 2 
215 75 291 2 299 2 

246 11 

356 7 



225 2 
224 2 
229 1 
228 3 
227 3 
226 1 
251 3 
233 15 234 15 

231 15 234 15 
231 15 233 15 




380 4 
374 2 
242 30 243 30 244 30 345 30 346 30 
241 30 243 30 244 30 345 30 346 30 
241 30 242 30 244 30 345 30 346 30 
241 30 242 30 243 30 345 30 346 30 

218 11 
248 1 
247 1 
294 4 

230 3 




413 12 

259 2 
258 2 
261 9 
260 9 

264 3 
263 3 

267 26 268 26 269 26 
266 26 268 26 269 26 
266 26 267 26 269 26 
266 26 267 26 268 26 
276 9 277 9 278 9 

275 13 
274 61 
273 61 
272 13 
270 9 277 9 278 9 
270 9 276 9 278 9 
270 9 276 9 277 9 

282 8 

280 8 
284 1 
283 1 






215 2 216 2 299 2 


249 4 


298 1 
212 3 213 3 297 1 
215 2 216 2 291 2 

302 1 
301 1 
304 8 
303 8 

307 14 
306 14 
309 3 
308 3 


313 36 
312 36 


317 48 318 7 
316 48 318 7 
316 7 317 7 


322 65 
321 65 

332 6 




330 2 
329 2 

324 6 



337 1 
336 1 
339 1 
338 1 





241 30 242 30 243 30 244 30 346 30 
241 30 242 30 243 30 244 30 345 30 
348 4 
347 4 



354 4 355 4 395 4 

352 4 355 4 395 4 
352 4 354 4 395 4 
220 7 
358 3 388 3 389 3 
357 3 388 3 389 3 
360 1 
359 1 




366 1 
365 1 
368 9 
367 9 


372 1 373 1 
371 1 373 1 
371 1 372 1 
240 2 
376 2 
375 2 
378 1 
377 1 

239 4 



385 12 
384 12 
387 2 446 2 447 2 
386 2 446 2 447 2 
357 3 358 3 389 3 
357 3 358 3 388 3 
391 1 
390 1 
393 6 
392 6 

352 4 354 4 355 4 
397 1 402 1 
396 1 402 1 




396 1 397 1 

405 1 
404 1 


409 1 
408 1 



256 12 





420 18 
419 18 


424 1 
423 1 
426 1 
425 1 



431 2 
430 2 





438 1 
437 1 

441 1 442 1 
440 1 442 1 
440 1 441 1 
444 8 
443 8 

386 2 387 2 447 2 
386 2 387 2 446 2 
449 1 
448 1 





456 2 
455 2 



461 5 
460 5 

464 2 
463 2 
467 7 

465 7 








480 1 
478 8 
477 8 

476 1 

